   0.0000000000000000        0.0000000000000000        0.0000000000000000        0.0000000000000000     
  0.14312761808041546        4.9202622802662258E-002   8.1189497018295670E-002   1.5612262948898449E-002
  0.18706576993423363        8.1717376171802136E-002  0.12673857584204226        3.1154954730552735E-002
  0.21335410326646340       0.10594910784380616       0.15939631742548305        4.6704155080132224E-002
  0.23431591219638787       0.12744154858288614       0.18705836157449049        6.2191784623623472E-002
  0.25214195219043717       0.14708074763912921       0.21130148566880444        7.7833058944203559E-002
  0.26781054154373157       0.16549199231365849       0.23320449044062413        9.3361989749245422E-002
  0.28188196169618462       0.18301592753982271       0.25346169534158625       0.10906282375647995     
  0.29474295878587192       0.19983531435852955       0.27244925857237651       0.12466494534559788     
  0.30669609910021967       0.21603033961915968       0.29036978872107649       0.14031406413295971     
  0.31796262810582582       0.23172952635968158       0.30734029058880752       0.15590460868133274     
  0.32866160291880164       0.24705073917385587       0.32345825575104309       0.17144638007946422     
  0.33886295504745256       0.26207875669270597       0.33888444677534696       0.18716297076113753     
  0.34863704824911573       0.27684304455808467       0.35373953739152914       0.20282701944559778     
  0.35806187531508660       0.29131566073788934       0.36808052806896358       0.21855171788560579     
  0.36719093680775211       0.30556976600426894       0.38191847587982342       0.23407761712979136     
  0.37604672300772057       0.31965986599694807       0.39527322227361406       0.24983807814844483     
  0.38466119939847920       0.33362375892658586       0.40820205879942395       0.26548650874013613     
  0.39307523295604863       0.34750429158894219       0.42077244276826442       0.28127483321322810     
  0.40133724169583906       0.36130342987995301       0.43303261645315033       0.29680432476594848     
  0.40943656856850635       0.37502474178323802       0.44499915249819277       0.31249177254032312     
  0.41740554318389272       0.38866248589896174       0.45666339708384546       0.32809972225737838     
  0.42526175577657749       0.40228454982079731       0.46805899150311492       0.34376934274729920     
  0.43301745160291949       0.41591591950150902       0.47920251565150807       0.35937001152381293     
  0.44069086635651850       0.42955002437273182       0.49009656962821080       0.37506466315766013     
  0.44826807349029180       0.44312701722955100       0.50073989372147132       0.39075341978948808     
  0.45579148738140002       0.45666745943774906       0.51115114247252591       0.40646198879337614     
  0.46325997165640131       0.47019373689150312       0.52135742134987806       0.42193533347944950     
  0.47067800087056211       0.48378150171589268       0.53137443991722910       0.43747863235380380     
  0.47806795413642666       0.49741026350181905       0.54120399816967391       0.45297761295965377     
  0.48541703051176466       0.51106016574729896       0.55085799728354312       0.46868451187352300     
  0.49275859022801888       0.52470079541758452       0.56035031160082349       0.48439475861838671     
  0.50004959228276658       0.53835005022669713       0.56970609193650135       0.50004753255960854     
  0.50737438854433925       0.55208884832462368       0.57891810510674713       0.51575559678229310     
  0.51469797969354447       0.56587482888993268       0.58797389041238157       0.53126692341744819     
  0.52207804101915578       0.57967268674443828       0.59688735555558070       0.54712654756848245     
  0.52947752952539573       0.59348628682333038       0.60568861140209673       0.56264234314173778     
  0.53689439063676481       0.60734577718853144       0.61437830531194204       0.57840574887281604     
  0.54435567903487847       0.62125724978504349       0.62293693038579823       0.59385645914185292     
  0.55185940286125901       0.63520389246745257       0.63135794975601345       0.60946766020824716     
  0.55946067351885542       0.64919491182722988       0.63970119273757331       0.62500817077738358     
  0.56713279105261272       0.66326573950600065       0.64786640922133321       0.64058466845656847     
  0.57489954253049103       0.67744732718522849       0.65597628518936746       0.65629358576135988     
  0.58275903799812556       0.69159991788490471       0.66398711102522268       0.67180288827492274     
  0.59073056064987550       0.70464539688343042       0.67188880572191512       0.68746059705465556     
  0.59882448900226504       0.71884322726732330       0.67966372159243049       0.70305147432410608     
  0.60707138924177539       0.73494802443075857       0.68727329031451279       0.71875458762940492     
  0.61549472759394974       0.75548116164577772       0.69511853454032646       0.73439803881727028     
  0.62411185563721339       0.77650966696348389       0.70489012759638570       0.75001129102316555     
  0.63295003700168617       0.79690942872872139       0.71889945149875789       0.76568489403884554     
  0.64206025565536906       0.81636942689043535       0.73916624294468924       0.78127774077948875     
  0.65149943164291235       0.83467741750800428       0.76152677147269976       0.79690841596002149     
  0.66131655759476715       0.85195847123126611       0.78318042139201782       0.81261361480354011     
  0.67153963781948867       0.86824513129144998       0.80409626240224064       0.82813771716118068     
  0.68224941057546451       0.88380696003758386       0.82429042720134216       0.84379354751271951     
  0.69354161069104125       0.89857624754179644       0.84386895248083693       0.85923922907985972     
  0.70553707443537284       0.91263440841348731       0.86292765315100040       0.87503920483022801     
  0.71838822489798504       0.92587722825389585       0.88145020308029909       0.89067183152583274     
  0.73239497475346149       0.93839054646866549       0.89959236445914303       0.90637983469303196     
  0.74796381206412044       0.95016000582551641       0.91733740746793047       0.92187244598317453     
  0.76575315376409481       0.96123719455353296       0.93471382958602978       0.93758360739439850     
  0.78682331218642654       0.97159176973049100       0.95155481876743297       0.95312361018253311     
  0.81343988789388455       0.98127857229625925       0.96804340962958813       0.96884228345484635     
  0.85763659679628568       0.99073575009279369       0.98410658298713305       0.98430694894590343     
   1.0000000000000000        1.0000000000000000        1.0000000000000000        1.0000000000000000     
   40.608813203267964        40.608813203267964        40.608813203268014        40.608813203268177     
   40.608813203267992        40.608813203268021        40.608813203268085        40.608813203268191     
   40.608813203268078        40.608813203267935        40.608813203268099        40.608813203268078     
   40.608813203268056        40.608813203267992        40.608813203268092        40.608813203268141     
   40.608813203268056        40.608813203268177        40.608813203268198        40.608813203268149     
   40.608813203267992        40.608813203268014        40.608813203268085        40.608813203267971     
   40.608813203267964        40.608813203268070        40.608813203268106        40.608813203268205     
   40.608813203267957        40.608813203268049        40.608813203268099        40.608813203268078     
   17.459522439134957        1.3742889701236079E-002       76832          10      153672
   1.0000000000000000        40.608813203268049     
